           1  0.10000000000000001       0.10000000000000001     
           2  -3.6000000000000001       -3.6000000000000001     
           3  -6.9000000000000004       -6.9000000000000004     
           4  -5.2000000000000002       -5.2000000000000002     
           5  -5.0999999999999996       -5.0999999999999996     
           6  -2.0000000000000000       -2.0000000000000000     
           7  -1.3000000000000000       -1.3000000000000000     
           8  0.80000000000000004       0.80000000000000004     
           9  -2.1000000000000001       -2.1000000000000001     
          10 -0.20000000000000001      -0.20000000000000001     
          11  0.10000000000000001       0.10000000000000001     
          12  -1.6000000000000001       -1.6000000000000001     
          13  -4.9000000000000004       -4.9000000000000004     
          14  -3.3999999999999999       -3.3999999999999999     
          15  -4.5000000000000000       -4.5000000000000000     
          16  -6.5999999999999996       -6.5999999999999996     
          17  -7.7000000000000002       -7.7000000000000002     
          18  -8.1999999999999993       -8.1999999999999993     
          19  -12.100000000000000       -12.100000000000000     
          20  -13.000000000000000       -13.000000000000000     
          21  -10.699999999999999       -10.699999999999999     
          22  -9.0000000000000000       -9.0000000000000000     
          23  -8.3000000000000007       -8.3000000000000007     
          24  -9.1999999999999993       -9.1999999999999993     
          25  -9.0999999999999996       -9.0999999999999996     
          26  -9.4000000000000004       -9.4000000000000004     
          27  -9.3000000000000007       -9.3000000000000007     
          28  -6.2000000000000002       -6.2000000000000002     
          29  -5.9000000000000004       -5.9000000000000004     
          30  -4.5999999999999996       -4.5999999999999996     
          31  -5.2999999999999998       -5.2999999999999998     
          32  -6.7999999999999998       -6.7999999999999998     
          33  -5.0999999999999996       -5.0999999999999996     
          34  -4.2000000000000002       -4.2000000000000002     
          35  -5.2999999999999998       -5.2999999999999998     
          36  -3.2000000000000002       -3.2000000000000002     
          37 -0.90000000000000002      -0.90000000000000002     
          38 -0.20000000000000001      -0.20000000000000001     
          39  -3.8999999999999999       -3.8999999999999999     
          40  -7.7999999999999998       -7.7999999999999998     
          41  -10.100000000000000       -10.100000000000000     
          42  -6.5999999999999996       -6.5999999999999996     
          43  -6.7000000000000002       -6.7000000000000002     
          44  -8.1999999999999993       -8.1999999999999993     
          45  -7.9000000000000004       -7.9000000000000004     
          46  -7.4000000000000004       -7.4000000000000004     
          47  -5.9000000000000004       -5.9000000000000004     
          48  -4.7999999999999998       -4.7999999999999998     
          49  -3.8999999999999999       -3.8999999999999999     
          50  -2.3999999999999999       -2.3999999999999999     
          51  -4.0999999999999996       -4.0999999999999996     
          52 -0.59999999999999998      -0.59999999999999998     
          53   1.5000000000000000        1.5000000000000000     
          54  0.40000000000000002       0.40000000000000002     
          55   2.1000000000000001        2.1000000000000001     
          56   3.7999999999999998        3.7999999999999998     
          57  0.90000000000000002       0.90000000000000002     
          58  0.80000000000000004       0.80000000000000004     
          59   2.7000000000000002        2.7000000000000002     
          60   4.4000000000000004        4.4000000000000004     
          61   2.2999999999999998        2.2999999999999998     
          62   1.2000000000000000        1.2000000000000000     
          63 -0.10000000000000001      -0.10000000000000001     
          64 -0.59999999999999998      -0.59999999999999998     
          65  -3.8999999999999999       -3.8999999999999999     
          66  -2.0000000000000000       -2.0000000000000000     
          67  -4.9000000000000004       -4.9000000000000004     
          68  -3.2000000000000002       -3.2000000000000002     
          69  -3.2999999999999998       -3.2999999999999998     
          70  -3.2000000000000002       -3.2000000000000002     
          71  -5.7000000000000002       -5.7000000000000002     
          72  -4.4000000000000004       -4.4000000000000004     
          73  -4.2999999999999998       -4.2999999999999998     
          74  -5.7999999999999998       -5.7999999999999998     
          75  -7.7000000000000002       -7.7000000000000002     
          76  -7.5999999999999996       -7.5999999999999996     
          77  -5.9000000000000004       -5.9000000000000004     
          78  -7.0000000000000000       -7.0000000000000000     
          79  -10.900000000000000       -10.900000000000000     
          80  -13.800000000000001       -13.800000000000001     
          81  -9.9000000000000004       -9.9000000000000004     
          82  -6.2000000000000002       -6.2000000000000002     
          83  -5.9000000000000004       -5.9000000000000004     
          84  -3.3999999999999999       -3.3999999999999999     
          85  -3.5000000000000000       -3.5000000000000000     
          86  -2.6000000000000001       -2.6000000000000001     
          87  -3.7000000000000002       -3.7000000000000002     
          88  -3.3999999999999999       -3.3999999999999999     
          89  -4.5000000000000000       -4.5000000000000000     
          90  -6.2000000000000002       -6.2000000000000002     
          91  -6.5000000000000000       -6.5000000000000000     
          92  -4.2000000000000002       -4.2000000000000002     
          93  -3.2999999999999998       -3.2999999999999998     
          94  -2.7999999999999998       -2.7999999999999998     
          95  -2.1000000000000001       -2.1000000000000001     
          96  -2.3999999999999999       -2.3999999999999999     
          97  -2.5000000000000000       -2.5000000000000000     
          98  -3.0000000000000000       -3.0000000000000000     
          99  -3.1000000000000001       -3.1000000000000001     
         100  -3.2000000000000002       -3.2000000000000002     
         101  -5.0999999999999996       -5.0999999999999996     
         102  -4.0000000000000000       -4.0000000000000000     
         103  -5.0999999999999996       -5.0999999999999996     
         104  -1.2000000000000000       -1.2000000000000000     
         105  -2.1000000000000001       -2.1000000000000001     
         106  0.80000000000000004       0.80000000000000004     
         107  0.29999999999999999       0.29999999999999999     
         108 -0.20000000000000001      -0.20000000000000001     
         109  -1.1000000000000001       -1.1000000000000001     
         110  -2.3999999999999999       -2.3999999999999999     
         111  -5.9000000000000004       -5.9000000000000004     
         112  -5.2000000000000002       -5.2000000000000002     
         113  -4.9000000000000004       -4.9000000000000004     
         114  -4.5999999999999996       -4.5999999999999996     
         115 -0.69999999999999996      -0.69999999999999996     
         116  -3.2000000000000002       -3.2000000000000002     
         117  -2.1000000000000001       -2.1000000000000001     
         118  -3.7999999999999998       -3.7999999999999998     
         119  -4.9000000000000004       -4.9000000000000004     
         120  -3.3999999999999999       -3.3999999999999999     
         121 -0.90000000000000002      -0.90000000000000002     
         122   1.3999999999999999        1.3999999999999999     
         123   1.5000000000000000        1.5000000000000000     
         124 -0.40000000000000002      -0.40000000000000002     
         125 -0.90000000000000002      -0.90000000000000002     
         126  -1.2000000000000000       -1.2000000000000000     
         127  -2.1000000000000001       -2.1000000000000001     
         128  -2.3999999999999999       -2.3999999999999999     
         129  -2.2999999999999998       -2.2999999999999998     
         130  -2.0000000000000000       -2.0000000000000000     
         131 -0.29999999999999999      -0.29999999999999999     
         132   1.6000000000000001        1.6000000000000001     
         133   2.5000000000000000        2.5000000000000000     
         134   5.0000000000000000        5.0000000000000000     
         135   3.8999999999999999        3.8999999999999999     
         136   3.3999999999999999        3.3999999999999999     
         137 -0.69999999999999996      -0.69999999999999996     
         138 -0.20000000000000001      -0.20000000000000001     
         139  0.29999999999999999       0.29999999999999999     
         140  -1.6000000000000001       -1.6000000000000001     
         141  -2.1000000000000001       -2.1000000000000001     
         142  -1.6000000000000001       -1.6000000000000001     
         143  -1.1000000000000001       -1.1000000000000001     
         144  -1.6000000000000001       -1.6000000000000001     
         145  -1.1000000000000001       -1.1000000000000001     
         146   1.0000000000000000        1.0000000000000000     
         147   1.5000000000000000        1.5000000000000000     
         148   4.5999999999999996        4.5999999999999996     
         149   4.7000000000000002        4.7000000000000002     
         150   2.6000000000000001        2.6000000000000001     
         151   4.9000000000000004        4.9000000000000004     
         152  0.40000000000000002       0.40000000000000002     
         153 -0.29999999999999999      -0.29999999999999999     
         154   1.3999999999999999        1.3999999999999999     
         155   3.2999999999999998        3.2999999999999998     
         156   2.6000000000000001        2.6000000000000001     
         157  0.69999999999999996       0.69999999999999996     
         158  -2.0000000000000000       -2.0000000000000000     
         159  -3.8999999999999999       -3.8999999999999999     
         160  -1.2000000000000000       -1.2000000000000000     
         161  -2.8999999999999999       -2.8999999999999999     
         162   2.0000000000000000        2.0000000000000000     
         163  0.69999999999999996       0.69999999999999996     
         164  0.20000000000000001       0.20000000000000001     
         165  0.10000000000000001       0.10000000000000001     
         166  -3.6000000000000001       -3.6000000000000001     
         167  -5.0999999999999996       -5.0999999999999996     
         168  -5.0000000000000000       -5.0000000000000000     
         169  -5.9000000000000004       -5.9000000000000004     
         170  -7.5999999999999996       -7.5999999999999996     
         171  -6.9000000000000004       -6.9000000000000004     
         172  -10.000000000000000       -10.000000000000000     
         173  -10.900000000000000       -10.900000000000000     
         174  -10.800000000000001       -10.800000000000001     
         175  -10.100000000000000       -10.100000000000000     
         176  -9.5999999999999996       -9.5999999999999996     
         177  -9.9000000000000004       -9.9000000000000004     
         178  -8.5999999999999996       -8.5999999999999996     
         179  -8.5000000000000000       -8.5000000000000000     
         180  -8.4000000000000004       -8.4000000000000004     
         181  -9.5000000000000000       -9.5000000000000000     
         182  -10.199999999999999       -10.199999999999999     
         183  -8.0999999999999996       -8.0999999999999996     
         184  -9.8000000000000007       -9.8000000000000007     
         185  -10.900000000000000       -10.900000000000000     
         186  -9.5999999999999996       -9.5999999999999996     
         187  -6.5000000000000000       -6.5000000000000000     
         188  -8.1999999999999993       -8.1999999999999993     
         189  -7.5000000000000000       -7.5000000000000000     
         190  -12.400000000000000       -12.400000000000000     
         191  -11.900000000000000       -11.900000000000000     
         192  -14.000000000000000       -14.000000000000000     
         193  -14.300000000000001       -14.300000000000001     
         194  -11.800000000000001       -11.800000000000001     
         195  -12.100000000000000       -12.100000000000000     
         196  -11.199999999999999       -11.199999999999999     
         197  -9.0999999999999996       -9.0999999999999996     
         198  -9.5999999999999996       -9.5999999999999996     
         199  -10.100000000000000       -10.100000000000000     
         200  -7.0000000000000000       -7.0000000000000000     
         201  -3.7000000000000002       -3.7000000000000002     
         202  -2.2000000000000002       -2.2000000000000002     
         203  -3.5000000000000000       -3.5000000000000000     
         204 -0.40000000000000002      -0.40000000000000002     
         205  -2.2999999999999998       -2.2999999999999998     
         206  -4.0000000000000000       -4.0000000000000000     
         207 -0.29999999999999999      -0.29999999999999999     
         208  -1.6000000000000001       -1.6000000000000001     
         209  -3.8999999999999999       -3.8999999999999999     
         210  -1.0000000000000000       -1.0000000000000000     
         211  -4.0999999999999996       -4.0999999999999996     
         212  -3.6000000000000001       -3.6000000000000001     
         213  -1.1000000000000001       -1.1000000000000001     
         214  -2.2000000000000002       -2.2000000000000002     
         215  -3.5000000000000000       -3.5000000000000000     
         216  -7.4000000000000004       -7.4000000000000004     
         217  -5.9000000000000004       -5.9000000000000004     
         218  -6.4000000000000004       -6.4000000000000004     
         219  -8.0999999999999996       -8.0999999999999996     
         220  -12.800000000000001       -12.800000000000001     
         221  -14.300000000000001       -14.300000000000001     
         222  -12.800000000000001       -12.800000000000001     
         223  -15.900000000000000       -15.900000000000000     
         224  -16.000000000000000       -16.000000000000000     
         225  -15.699999999999999       -15.699999999999999     
         226  -16.800000000000001       -16.800000000000001     
         227  -16.100000000000001       -16.100000000000001     
         228  -17.600000000000001       -17.600000000000001     
         229  -16.500000000000000       -16.500000000000000     
         230  -15.000000000000000       -15.000000000000000     
         231  -17.899999999999999       -17.899999999999999     
         232  -19.399999999999999       -19.399999999999999     
         233  -19.699999999999999       -19.699999999999999     
         234  -18.600000000000001       -18.600000000000001     
         235  -20.300000000000001       -20.300000000000001     
         236  -18.199999999999999       -18.199999999999999     
         237  -19.500000000000000       -19.500000000000000     
         238  -20.000000000000000       -20.000000000000000     
         239  -16.300000000000001       -16.300000000000001     
         240  -14.800000000000001       -14.800000000000001     
         241  -15.300000000000001       -15.300000000000001     
         242  -15.600000000000000       -15.600000000000000     
         243  -17.899999999999999       -17.899999999999999     
         244  -20.199999999999999       -20.199999999999999     
         245  -19.699999999999999       -19.699999999999999     
         246  -22.800000000000001       -22.800000000000001     
         247  -18.699999999999999       -18.699999999999999     
         248  -18.800000000000001       -18.800000000000001     
         249  -21.100000000000001       -21.100000000000001     
         250  -23.199999999999999       -23.199999999999999     
         251  -24.500000000000000       -24.500000000000000     
         252  -23.399999999999999       -23.399999999999999     
         253  -22.500000000000000       -22.500000000000000     
         254  -21.199999999999999       -21.199999999999999     
         255  -18.899999999999999       -18.899999999999999     
         256  -17.800000000000001       -17.800000000000001     
         257  -20.100000000000001       -20.100000000000001     
         258  -19.199999999999999       -19.199999999999999     
         259  -20.500000000000000       -20.500000000000000     
         260  -20.399999999999999       -20.399999999999999     
         261  -22.100000000000001       -22.100000000000001     
         262  -23.399999999999999       -23.399999999999999     
         263  -22.699999999999999       -22.699999999999999     
         264  -23.600000000000001       -23.600000000000001     
         265  -22.100000000000001       -22.100000000000001     
         266  -25.199999999999999       -25.199999999999999     
         267  -25.300000000000001       -25.300000000000001     
         268  -26.199999999999999       -26.199999999999999     
         269  -28.699999999999999       -28.699999999999999     
         270  -28.800000000000001       -28.800000000000001     
         271  -30.899999999999999       -30.899999999999999     
         272  -28.199999999999999       -28.199999999999999     
         273  -27.100000000000001       -27.100000000000001     
         274  -26.800000000000001       -26.800000000000001     
         275  -32.100000000000001       -32.100000000000001     
         276  -29.600000000000001       -29.600000000000001     
         277  -27.100000000000001       -27.100000000000001     
         278  -27.800000000000001       -27.800000000000001     
         279  -26.100000000000001       -26.100000000000001     
         280  -25.600000000000001       -25.600000000000001     
         281  -26.300000000000001       -26.300000000000001     
         282  -27.000000000000000       -27.000000000000000     
         283  -25.500000000000000       -25.500000000000000     
         284  -27.600000000000001       -27.600000000000001     
         285  -28.899999999999999       -28.899999999999999     
         286  -28.800000000000001       -28.800000000000001     
         287  -28.300000000000001       -28.300000000000001     
         288  -28.199999999999999       -28.199999999999999     
         289  -28.300000000000001       -28.300000000000001     
         290  -28.000000000000000       -28.000000000000000     
         291  -27.899999999999999       -27.899999999999999     
         292  -26.199999999999999       -26.199999999999999     
         293  -24.300000000000001       -24.300000000000001     
         294  -22.000000000000000       -22.000000000000000     
         295  -21.300000000000001       -21.300000000000001     
         296  -17.000000000000000       -17.000000000000000     
         297  -14.699999999999999       -14.699999999999999     
         298  -15.600000000000000       -15.600000000000000     
         299  -14.699999999999999       -14.699999999999999     
         300  -9.8000000000000007       -9.8000000000000007     
         301  -9.3000000000000007       -9.3000000000000007     
         302  -14.800000000000001       -14.800000000000001     
         303  -18.500000000000000       -18.500000000000000     
         304  -18.399999999999999       -18.399999999999999     
         305  -20.100000000000001       -20.100000000000001     
         306  -22.399999999999999       -22.399999999999999     
         307  -23.699999999999999       -23.699999999999999     
         308  -22.800000000000001       -22.800000000000001     
         309  -21.300000000000001       -21.300000000000001     
         310  -22.800000000000001       -22.800000000000001     
         311  -22.699999999999999       -22.699999999999999     
         312  -25.399999999999999       -25.399999999999999     
         313  -25.500000000000000       -25.500000000000000     
         314  -24.000000000000000       -24.000000000000000     
         315  -26.100000000000001       -26.100000000000001     
         316  -24.600000000000001       -24.600000000000001     
         317  -23.300000000000001       -23.300000000000001     
         318  -24.600000000000001       -24.600000000000001     
         319  -24.699999999999999       -24.699999999999999     
         320  -24.000000000000000       -24.000000000000000     
         321  -25.100000000000001       -25.100000000000001     
         322  -24.399999999999999       -24.399999999999999     
         323  -22.300000000000001       -22.300000000000001     
         324  -22.199999999999999       -22.199999999999999     
         325  -23.899999999999999       -23.899999999999999     
         326  -23.399999999999999       -23.399999999999999     
         327  -24.899999999999999       -24.899999999999999     
         328  -24.399999999999999       -24.399999999999999     
         329  -19.699999999999999       -19.699999999999999     
         330  -18.600000000000001       -18.600000000000001     
         331  -18.300000000000001       -18.300000000000001     
         332  -21.800000000000001       -21.800000000000001     
         333  -23.300000000000001       -23.300000000000001     
         334  -25.399999999999999       -25.399999999999999     
         335  -22.300000000000001       -22.300000000000001     
         336  -18.800000000000001       -18.800000000000001     
         337  -17.100000000000001       -17.100000000000001     
         338  -18.800000000000001       -18.800000000000001     
         339  -19.100000000000001       -19.100000000000001     
         340  -16.800000000000001       -16.800000000000001     
         341  -16.100000000000001       -16.100000000000001     
         342  -13.800000000000001       -13.800000000000001     
         343  -13.300000000000001       -13.300000000000001     
         344  -15.600000000000000       -15.600000000000000     
         345  -16.699999999999999       -16.699999999999999     
         346  -14.800000000000001       -14.800000000000001     
         347  -13.900000000000000       -13.900000000000000     
         348  -13.400000000000000       -13.400000000000000     
         349  -12.900000000000000       -12.900000000000000     
         350  -11.800000000000001       -11.800000000000001     
         351  -12.500000000000000       -12.500000000000000     
         352  -12.400000000000000       -12.400000000000000     
         353  -13.699999999999999       -13.699999999999999     
         354  -10.400000000000000       -10.400000000000000     
         355  -10.900000000000000       -10.900000000000000     
         356  -11.800000000000001       -11.800000000000001     
         357  -9.9000000000000004       -9.9000000000000004     
         358  -10.199999999999999       -10.199999999999999     
         359  -6.5000000000000000       -6.5000000000000000     
         360  -4.5999999999999996       -4.5999999999999996     
         361  -2.1000000000000001       -2.1000000000000001     
         362  0.40000000000000002       0.40000000000000002     
         363  -1.1000000000000001       -1.1000000000000001     
         364   1.0000000000000000        1.0000000000000000     
         365   2.7000000000000002        2.7000000000000002     
         366 -0.20000000000000001      -0.20000000000000001     
         367   1.1000000000000001        1.1000000000000001     
         368  -2.0000000000000000       -2.0000000000000000     
         369  -1.5000000000000000       -1.5000000000000000     
         370   1.8000000000000000        1.8000000000000000     
         371   1.8999999999999999        1.8999999999999999     
         372   4.4000000000000004        4.4000000000000004     
         373   4.2999999999999998        4.2999999999999998     
         374   8.5999999999999996        8.5999999999999996     
         375   6.5000000000000000        6.5000000000000000     
         376   2.6000000000000001        2.6000000000000001     
         377  0.50000000000000000       0.50000000000000000     
         378  -2.0000000000000000       -2.0000000000000000     
         379  -4.0999999999999996       -4.0999999999999996     
         380  -5.7999999999999998       -5.7999999999999998     
         381  -6.7000000000000002       -6.7000000000000002     
         382  -5.7999999999999998       -5.7999999999999998     
         383  -7.9000000000000004       -7.9000000000000004     
         384  -9.4000000000000004       -9.4000000000000004     
         385  -9.5000000000000000       -9.5000000000000000     
         386  -9.5999999999999996       -9.5999999999999996     
         387  -12.500000000000000       -12.500000000000000     
         388  -14.600000000000000       -14.600000000000000     
         389  -13.500000000000000       -13.500000000000000     
         390  -13.800000000000001       -13.800000000000001     
         391  -12.900000000000000       -12.900000000000000     
         392  -16.000000000000000       -16.000000000000000     
         393  -15.500000000000000       -15.500000000000000     
         394  -14.600000000000000       -14.600000000000000     
         395  -16.699999999999999       -16.699999999999999     
         396  -17.600000000000001       -17.600000000000001     
         397  -18.100000000000001       -18.100000000000001     
         398  -17.800000000000001       -17.800000000000001     
         399  -15.100000000000000       -15.100000000000000     
         400  -14.800000000000001       -14.800000000000001     
         401  -16.500000000000000       -16.500000000000000     
         402  -17.399999999999999       -17.399999999999999     
         403  -21.899999999999999       -21.899999999999999     
         404  -24.199999999999999       -24.199999999999999     
         405  -26.500000000000000       -26.500000000000000     
         406  -25.399999999999999       -25.399999999999999     
         407  -26.500000000000000       -26.500000000000000     
         408  -24.399999999999999       -24.399999999999999     
         409  -24.899999999999999       -24.899999999999999     
         410  -24.600000000000001       -24.600000000000001     
         411  -22.899999999999999       -22.899999999999999     
         412  -24.199999999999999       -24.199999999999999     
         413  -24.899999999999999       -24.899999999999999     
         414  -25.399999999999999       -25.399999999999999     
         415  -26.899999999999999       -26.899999999999999     
         416  -27.800000000000001       -27.800000000000001     
         417  -23.699999999999999       -23.699999999999999     
         418  -21.199999999999999       -21.199999999999999     
         419  -21.500000000000000       -21.500000000000000     
         420  -20.800000000000001       -20.800000000000001     
         421  -18.300000000000001       -18.300000000000001     
         422  -19.600000000000001       -19.600000000000001     
         423  -19.100000000000001       -19.100000000000001     
         424  -22.199999999999999       -22.199999999999999     
         425  -21.699999999999999       -21.699999999999999     
         426  -24.000000000000000       -24.000000000000000     
         427  -24.699999999999999       -24.699999999999999     
         428  -28.600000000000001       -28.600000000000001     
         429  -27.899999999999999       -27.899999999999999     
         430  -27.399999999999999       -27.399999999999999     
         431  -26.300000000000001       -26.300000000000001     
         432  -25.800000000000001       -25.800000000000001     
         433  -26.300000000000001       -26.300000000000001     
         434  -29.199999999999999       -29.199999999999999     
         435  -30.699999999999999       -30.699999999999999     
         436  -33.799999999999997       -33.799999999999997     
         437  -33.500000000000000       -33.500000000000000     
         438  -33.200000000000003       -33.200000000000003     
         439  -31.699999999999999       -31.699999999999999     
         440  -33.600000000000001       -33.600000000000001     
         441  -35.700000000000003       -35.700000000000003     
         442  -37.000000000000000       -37.000000000000000     
         443  -37.299999999999997       -37.299999999999997     
         444  -36.600000000000001       -36.600000000000001     
         445  -34.899999999999999       -34.899999999999999     
         446  -35.200000000000003       -35.200000000000003     
         447  -38.299999999999997       -38.299999999999997     
         448  -33.799999999999997       -33.799999999999997     
         449  -35.500000000000000       -35.500000000000000     
         450  -35.200000000000003       -35.200000000000003     
         451  -36.500000000000000       -36.500000000000000     
         452  -35.399999999999999       -35.399999999999999     
         453  -33.299999999999997       -33.299999999999997     
         454  -34.000000000000000       -34.000000000000000     
         455  -33.500000000000000       -33.500000000000000     
         456  -34.200000000000003       -34.200000000000003     
         457  -34.100000000000001       -34.100000000000001     
         458  -33.399999999999999       -33.399999999999999     
         459  -35.500000000000000       -35.500000000000000     
         460  -36.600000000000001       -36.600000000000001     
         461  -35.899999999999999       -35.899999999999999     
         462  -36.200000000000003       -36.200000000000003     
         463  -38.100000000000001       -38.100000000000001     
         464  -39.000000000000000       -39.000000000000000     
         465  -39.700000000000003       -39.700000000000003     
         466  -38.600000000000001       -38.600000000000001     
         467  -39.299999999999997       -39.299999999999997     
         468  -39.000000000000000       -39.000000000000000     
         469  -39.500000000000000       -39.500000000000000     
         470  -41.600000000000001       -41.600000000000001     
         471  -41.100000000000001       -41.100000000000001     
         472  -39.200000000000003       -39.200000000000003     
         473  -40.500000000000000       -40.500000000000000     
         474  -41.600000000000001       -41.600000000000001     
         475  -38.700000000000003       -38.700000000000003     
         476  -41.799999999999997       -41.799999999999997     
         477  -42.299999999999997       -42.299999999999997     
         478  -42.399999999999999       -42.399999999999999     
         479  -43.500000000000000       -43.500000000000000     
         480  -42.200000000000003       -42.200000000000003     
         481  -44.299999999999997       -44.299999999999997     
         482  -42.600000000000001       -42.600000000000001     
         483  -42.500000000000000       -42.500000000000000     
         484  -41.399999999999999       -41.399999999999999     
         485  -43.100000000000001       -43.100000000000001     
         486  -44.600000000000001       -44.600000000000001     
         487  -41.700000000000003       -41.700000000000003     
         488  -43.600000000000001       -43.600000000000001     
         489  -44.100000000000001       -44.100000000000001     
         490  -41.000000000000000       -41.000000000000000     
         491  -41.700000000000003       -41.700000000000003     
         492  -39.200000000000003       -39.200000000000003     
         493  -38.100000000000001       -38.100000000000001     
         494  -36.799999999999997       -36.799999999999997     
         495  -34.299999999999997       -34.299999999999997     
         496  -33.799999999999997       -33.799999999999997     
         497  -34.700000000000003       -34.700000000000003     
         498  -34.200000000000003       -34.200000000000003     
         499  -35.700000000000003       -35.700000000000003     
         500  -36.200000000000003       -36.200000000000003     
         501  -32.500000000000000       -32.500000000000000     
         502  -29.000000000000000       -29.000000000000000     
         503  -27.899999999999999       -27.899999999999999     
         504  -28.800000000000001       -28.800000000000001     
         505  -29.899999999999999       -29.899999999999999     
         506  -31.399999999999999       -31.399999999999999     
         507  -32.700000000000003       -32.700000000000003     
         508  -31.399999999999999       -31.399999999999999     
         509  -30.699999999999999       -30.699999999999999     
         510  -27.600000000000001       -27.600000000000001     
         511  -25.899999999999999       -25.899999999999999     
         512  -23.199999999999999       -23.199999999999999     
         513  -24.300000000000001       -24.300000000000001     
         514  -23.800000000000001       -23.800000000000001     
         515  -23.699999999999999       -23.699999999999999     
         516  -23.000000000000000       -23.000000000000000     
         517  -20.899999999999999       -20.899999999999999     
         518  -22.800000000000001       -22.800000000000001     
         519  -24.500000000000000       -24.500000000000000     
         520  -26.000000000000000       -26.000000000000000     
         521  -24.699999999999999       -24.699999999999999     
         522  -25.800000000000001       -25.800000000000001     
         523  -24.500000000000000       -24.500000000000000     
         524  -25.600000000000001       -25.600000000000001     
         525  -23.300000000000001       -23.300000000000001     
         526  -21.199999999999999       -21.199999999999999     
         527  -21.899999999999999       -21.899999999999999     
         528  -23.399999999999999       -23.399999999999999     
         529  -25.500000000000000       -25.500000000000000     
         530  -22.800000000000001       -22.800000000000001     
         531  -26.899999999999999       -26.899999999999999     
         532  -24.600000000000001       -24.600000000000001     
         533  -22.899999999999999       -22.899999999999999     
         534  -19.000000000000000       -19.000000000000000     
         535  -17.699999999999999       -17.699999999999999     
         536  -16.000000000000000       -16.000000000000000     
         537  -13.900000000000000       -13.900000000000000     
         538  -13.400000000000000       -13.400000000000000     
         539  -11.300000000000001       -11.300000000000001     
         540  -12.000000000000000       -12.000000000000000     
         541  -11.500000000000000       -11.500000000000000     
         542  -10.400000000000000       -10.400000000000000     
         543  -9.0999999999999996       -9.0999999999999996     
         544  -10.199999999999999       -10.199999999999999     
         545  -10.699999999999999       -10.699999999999999     
         546  -16.000000000000000       -16.000000000000000     
         547  -13.500000000000000       -13.500000000000000     
         548  -10.400000000000000       -10.400000000000000     
         549  -7.7000000000000002       -7.7000000000000002     
         550  -7.5999999999999996       -7.5999999999999996     
         551  -3.8999999999999999       -3.8999999999999999     
         552  -5.0000000000000000       -5.0000000000000000     
         553  -3.1000000000000001       -3.1000000000000001     
         554  -3.2000000000000002       -3.2000000000000002     
         555  -5.9000000000000004       -5.9000000000000004     
         556  -6.5999999999999996       -6.5999999999999996     
         557  -7.0999999999999996       -7.0999999999999996     
         558  -9.4000000000000004       -9.4000000000000004     
         559  -9.6999999999999993       -9.6999999999999993     
         560  -6.2000000000000002       -6.2000000000000002     
         561  -6.2999999999999998       -6.2999999999999998     
         562  -4.4000000000000004       -4.4000000000000004     
         563  -3.1000000000000001       -3.1000000000000001     
         564  -4.4000000000000004       -4.4000000000000004     
         565  -5.9000000000000004       -5.9000000000000004     
         566  -7.4000000000000004       -7.4000000000000004     
         567  -12.300000000000001       -12.300000000000001     
         568  -13.800000000000001       -13.800000000000001     
         569  -13.500000000000000       -13.500000000000000     
         570  -12.400000000000000       -12.400000000000000     
         571  -15.300000000000001       -15.300000000000001     
         572  -13.400000000000000       -13.400000000000000     
         573  -11.900000000000000       -11.900000000000000     
         574  -11.000000000000000       -11.000000000000000     
         575  -11.500000000000000       -11.500000000000000     
         576  -8.8000000000000007       -8.8000000000000007     
         577  -8.6999999999999993       -8.6999999999999993     
         578  -7.7999999999999998       -7.7999999999999998     
         579  -6.2999999999999998       -6.2999999999999998     
         580  -4.2000000000000002       -4.2000000000000002     
         581  -5.2999999999999998       -5.2999999999999998     
         582  -7.2000000000000002       -7.2000000000000002     
         583  -9.0999999999999996       -9.0999999999999996     
         584  -8.0000000000000000       -8.0000000000000000     
         585  -9.5000000000000000       -9.5000000000000000     
         586  -8.8000000000000007       -8.8000000000000007     
         587  -7.5000000000000000       -7.5000000000000000     
         588  -6.4000000000000004       -6.4000000000000004     
         589  -6.9000000000000004       -6.9000000000000004     
         590  -8.8000000000000007       -8.8000000000000007     
         591  -11.300000000000001       -11.300000000000001     
         592  -11.600000000000000       -11.600000000000000     
         593  -11.100000000000000       -11.100000000000000     
         594  -8.8000000000000007       -8.8000000000000007     
         595  -14.100000000000000       -14.100000000000000     
         596  -15.600000000000000       -15.600000000000000     
         597  -15.699999999999999       -15.699999999999999     
         598  -14.000000000000000       -14.000000000000000     
         599  -17.699999999999999       -17.699999999999999     
         600  -16.199999999999999       -16.199999999999999     
         601  -15.699999999999999       -15.699999999999999     
         602  -18.199999999999999       -18.199999999999999     
         603  -17.100000000000001       -17.100000000000001     
         604  -16.199999999999999       -16.199999999999999     
         605  -17.500000000000000       -17.500000000000000     
         606  -17.800000000000001       -17.800000000000001     
         607  -17.500000000000000       -17.500000000000000     
         608  -17.800000000000001       -17.800000000000001     
         609  -17.500000000000000       -17.500000000000000     
         610  -15.000000000000000       -15.000000000000000     
         611  -18.500000000000000       -18.500000000000000     
         612  -15.800000000000001       -15.800000000000001     
         613  -14.300000000000001       -14.300000000000001     
         614  -14.800000000000001       -14.800000000000001     
         615  -16.699999999999999       -16.699999999999999     
         616  -18.199999999999999       -18.199999999999999     
         617  -19.300000000000001       -19.300000000000001     
         618  -19.600000000000001       -19.600000000000001     
         619  -19.100000000000001       -19.100000000000001     
         620  -21.800000000000001       -21.800000000000001     
         621  -25.100000000000001       -25.100000000000001     
         622  -24.399999999999999       -24.399999999999999     
         623  -24.100000000000001       -24.100000000000001     
         624  -25.000000000000000       -25.000000000000000     
         625  -23.699999999999999       -23.699999999999999     
         626  -24.000000000000000       -24.000000000000000     
         627  -23.500000000000000       -23.500000000000000     
         628  -21.199999999999999       -21.199999999999999     
         629  -20.100000000000001       -20.100000000000001     
         630  -17.800000000000001       -17.800000000000001     
         631  -15.100000000000000       -15.100000000000000     
         632  -15.800000000000001       -15.800000000000001     
         633  -14.699999999999999       -14.699999999999999     
         634  -16.399999999999999       -16.399999999999999     
         635  -20.699999999999999       -20.699999999999999     
         636  -16.600000000000001       -16.600000000000001     
         637  -15.699999999999999       -15.699999999999999     
         638  -15.400000000000000       -15.400000000000000     
         639  -11.900000000000000       -11.900000000000000     
         640  -14.800000000000001       -14.800000000000001     
         641  -13.699999999999999       -13.699999999999999     
         642  -15.400000000000000       -15.400000000000000     
         643  -19.100000000000001       -19.100000000000001     
         644  -18.000000000000000       -18.000000000000000     
         645  -18.899999999999999       -18.899999999999999     
         646  -19.399999999999999       -19.399999999999999     
         647  -13.900000000000000       -13.900000000000000     
         648  -14.400000000000000       -14.400000000000000     
         649  -13.300000000000001       -13.300000000000001     
         650  -12.600000000000000       -12.600000000000000     
         651  -13.699999999999999       -13.699999999999999     
         652  -15.000000000000000       -15.000000000000000     
         653  -12.300000000000001       -12.300000000000001     
         654  -12.000000000000000       -12.000000000000000     
         655  -12.900000000000000       -12.900000000000000     
         656  -10.400000000000000       -10.400000000000000     
         657  -13.699999999999999       -13.699999999999999     
         658  -15.400000000000000       -15.400000000000000     
         659  -13.900000000000000       -13.900000000000000     
         660  -16.600000000000001       -16.600000000000001     
         661  -17.300000000000001       -17.300000000000001     
         662  -20.600000000000001       -20.600000000000001     
         663  -21.500000000000000       -21.500000000000000     
         664  -22.800000000000001       -22.800000000000001     
         665  -22.500000000000000       -22.500000000000000     
         666  -23.199999999999999       -23.199999999999999     
         667  -23.500000000000000       -23.500000000000000     
         668  -21.800000000000001       -21.800000000000001     
         669  -24.100000000000001       -24.100000000000001     
         670  -23.199999999999999       -23.199999999999999     
         671  -23.100000000000001       -23.100000000000001     
         672  -23.800000000000001       -23.800000000000001     
         673  -23.699999999999999       -23.699999999999999     
         674  -22.399999999999999       -22.399999999999999     
         675  -20.300000000000001       -20.300000000000001     
         676  -20.399999999999999       -20.399999999999999     
         677  -18.500000000000000       -18.500000000000000     
         678  -16.399999999999999       -16.399999999999999     
         679  -16.699999999999999       -16.699999999999999     
         680  -13.600000000000000       -13.600000000000000     
         681  -13.300000000000001       -13.300000000000001     
         682  -10.600000000000000       -10.600000000000000     
         683  -9.5000000000000000       -9.5000000000000000     
         684  -12.600000000000000       -12.600000000000000     
         685  -10.500000000000000       -10.500000000000000     
         686  -9.0000000000000000       -9.0000000000000000     
         687  -9.9000000000000004       -9.9000000000000004     
         688  -14.000000000000000       -14.000000000000000     
         689  -11.100000000000000       -11.100000000000000     
         690  -9.8000000000000007       -9.8000000000000007     
         691  -9.6999999999999993       -9.6999999999999993     
         692  -10.000000000000000       -10.000000000000000     
         693  -10.300000000000001       -10.300000000000001     
         694  -10.800000000000001       -10.800000000000001     
         695  -10.100000000000000       -10.100000000000000     
         696  -8.8000000000000007       -8.8000000000000007     
         697  -3.7000000000000002       -3.7000000000000002     
         698  -4.7999999999999998       -4.7999999999999998     
         699  -3.8999999999999999       -3.8999999999999999     
         700  -4.4000000000000004       -4.4000000000000004     
         701  -4.2999999999999998       -4.2999999999999998     
         702  -6.5999999999999996       -6.5999999999999996     
         703  -9.5000000000000000       -9.5000000000000000     
         704  -9.8000000000000007       -9.8000000000000007     
         705  -13.699999999999999       -13.699999999999999     
         706  -13.600000000000000       -13.600000000000000     
         707  -10.699999999999999       -10.699999999999999     
         708  -11.800000000000001       -11.800000000000001     
         709  -9.3000000000000007       -9.3000000000000007     
         710  -8.4000000000000004       -8.4000000000000004     
         711  -11.699999999999999       -11.699999999999999     
         712  -12.400000000000000       -12.400000000000000     
         713  -16.100000000000001       -16.100000000000001     
         714  -14.000000000000000       -14.000000000000000     
         715  -15.100000000000000       -15.100000000000000     
         716  -11.600000000000000       -11.600000000000000     
         717  -11.300000000000001       -11.300000000000001     
         718  -11.400000000000000       -11.400000000000000     
         719  -10.900000000000000       -10.900000000000000     
         720  -14.400000000000000       -14.400000000000000     
         721  -11.100000000000000       -11.100000000000000     
         722  -9.0000000000000000       -9.0000000000000000     
         723  -8.3000000000000007       -8.3000000000000007     
         724  -11.800000000000001       -11.800000000000001     
         725  -14.699999999999999       -14.699999999999999     
         726  -15.800000000000001       -15.800000000000001     
         727  -16.899999999999999       -16.899999999999999     
         728  -15.800000000000001       -15.800000000000001     
         729  -13.900000000000000       -13.900000000000000     
         730  -15.400000000000000       -15.400000000000000     
         731  -15.900000000000000       -15.900000000000000     
         732  -14.600000000000000       -14.600000000000000     
         733  -13.100000000000000       -13.100000000000000     
         734  -12.600000000000000       -12.600000000000000     
         735  -13.300000000000001       -13.300000000000001     
         736  -12.400000000000000       -12.400000000000000     
         737  -14.500000000000000       -14.500000000000000     
         738  -16.399999999999999       -16.399999999999999     
         739  -15.900000000000000       -15.900000000000000     
         740  -13.400000000000000       -13.400000000000000     
         741  -15.500000000000000       -15.500000000000000     
         742  -13.000000000000000       -13.000000000000000     
         743  -10.900000000000000       -10.900000000000000     
         744  -11.800000000000001       -11.800000000000001     
         745  -11.300000000000001       -11.300000000000001     
         746  -16.399999999999999       -16.399999999999999     
         747  -14.900000000000000       -14.900000000000000     
         748  -17.800000000000001       -17.800000000000001     
         749  -19.100000000000001       -19.100000000000001     
         750  -15.000000000000000       -15.000000000000000     
         751  -17.500000000000000       -17.500000000000000     
         752  -19.199999999999999       -19.199999999999999     
         753  -19.699999999999999       -19.699999999999999     
         754  -21.199999999999999       -21.199999999999999     
         755  -21.699999999999999       -21.699999999999999     
         756  -19.199999999999999       -19.199999999999999     
         757  -17.899999999999999       -17.899999999999999     
         758  -17.399999999999999       -17.399999999999999     
         759  -17.300000000000001       -17.300000000000001     
         760  -17.600000000000001       -17.600000000000001     
         761  -17.899999999999999       -17.899999999999999     
         762  -13.000000000000000       -13.000000000000000     
         763  -9.9000000000000004       -9.9000000000000004     
         764  -12.000000000000000       -12.000000000000000     
         765  -10.100000000000000       -10.100000000000000     
         766  -10.400000000000000       -10.400000000000000     
         767  -8.3000000000000007       -8.3000000000000007     
         768  -6.4000000000000004       -6.4000000000000004     
         769  -4.9000000000000004       -4.9000000000000004     
         770  -3.2000000000000002       -3.2000000000000002     
         771 -0.69999999999999996      -0.69999999999999996     
         772  -2.2000000000000002       -2.2000000000000002     
         773  0.29999999999999999       0.29999999999999999     
         774   4.5999999999999996        4.5999999999999996     
         775   6.2999999999999998        6.2999999999999998     
         776   3.2000000000000002        3.2000000000000002     
         777   3.1000000000000001        3.1000000000000001     
         778   5.2000000000000002        5.2000000000000002     
         779   8.9000000000000004        8.9000000000000004     
         780   7.0000000000000000        7.0000000000000000     
         781   7.0999999999999996        7.0999999999999996     
         782   5.5999999999999996        5.5999999999999996     
         783   4.0999999999999996        4.0999999999999996     
         784   3.6000000000000001        3.6000000000000001     
         785   3.8999999999999999        3.8999999999999999     
         786   5.0000000000000000        5.0000000000000000     
         787   2.1000000000000001        2.1000000000000001     
         788  0.59999999999999998       0.59999999999999998     
         789   2.1000000000000001        2.1000000000000001     
         790   1.2000000000000000        1.2000000000000000     
         791  0.69999999999999996       0.69999999999999996     
         792 -0.80000000000000004      -0.80000000000000004     
         793 -0.50000000000000000      -0.50000000000000000     
         794   1.2000000000000000        1.2000000000000000     
         795  -1.5000000000000000       -1.5000000000000000     
         796 -0.40000000000000002      -0.40000000000000002     
         797  -1.3000000000000000       -1.3000000000000000     
         798   1.0000000000000000        1.0000000000000000     
         799   5.7000000000000002        5.7000000000000002     
         800   5.7999999999999998        5.7999999999999998     
         801   7.0999999999999996        7.0999999999999996     
         802   5.5999999999999996        5.5999999999999996     
         803   7.0999999999999996        7.0999999999999996     
         804   6.4000000000000004        6.4000000000000004     
         805   6.0999999999999996        6.0999999999999996     
         806   5.5999999999999996        5.5999999999999996     
         807   5.0999999999999996        5.0999999999999996     
         808   4.0000000000000000        4.0000000000000000     
         809   5.9000000000000004        5.9000000000000004     
         810   7.0000000000000000        7.0000000000000000     
         811   7.0999999999999996        7.0999999999999996     
         812   10.400000000000000        10.400000000000000     
         813   9.6999999999999993        9.6999999999999993     
         814   13.800000000000001        13.800000000000001     
         815   11.100000000000000        11.100000000000000     
         816   12.400000000000000        12.400000000000000     
         817   10.699999999999999        10.699999999999999     
         818   9.8000000000000007        9.8000000000000007     
         819   8.0999999999999996        8.0999999999999996     
         820   9.8000000000000007        9.8000000000000007     
         821   8.6999999999999993        8.6999999999999993     
         822   9.8000000000000007        9.8000000000000007     
         823   10.500000000000000        10.500000000000000     
         824   11.000000000000000        11.000000000000000     
         825   11.300000000000001        11.300000000000001     
         826   13.600000000000000        13.600000000000000     
         827   13.900000000000000        13.900000000000000     
         828   13.199999999999999        13.199999999999999     
         829   10.699999999999999        10.699999999999999     
         830   9.5999999999999996        9.5999999999999996     
         831   12.300000000000001        12.300000000000001     
         832   11.800000000000001        11.800000000000001     
         833   11.699999999999999        11.699999999999999     
         834   12.800000000000001        12.800000000000001     
         835   13.900000000000000        13.900000000000000     
         836   17.199999999999999        17.199999999999999     
         837   19.500000000000000        19.500000000000000     
         838   21.000000000000000        21.000000000000000     
         839   20.100000000000001        20.100000000000001     
         840   21.600000000000001        21.600000000000001     
         841   22.699999999999999        22.699999999999999     
         842   20.800000000000001        20.800000000000001     
         843   20.100000000000001        20.100000000000001     
         844   22.600000000000001        22.600000000000001     
         845   22.100000000000001        22.100000000000001     
         846   23.399999999999999        23.399999999999999     
         847   19.699999999999999        19.699999999999999     
         848   19.800000000000001        19.800000000000001     
         849   18.300000000000001        18.300000000000001     
         850   18.600000000000001        18.600000000000001     
         851   20.500000000000000        20.500000000000000     
         852   20.600000000000001        20.600000000000001     
         853   18.899999999999999        18.899999999999999     
         854   19.399999999999999        19.399999999999999     
         855   19.100000000000001        19.100000000000001     
         856   20.399999999999999        20.399999999999999     
         857   20.100000000000001        20.100000000000001     
         858   20.800000000000001        20.800000000000001     
         859   23.500000000000000        23.500000000000000     
         860   25.000000000000000        25.000000000000000     
         861   24.100000000000001        24.100000000000001     
         862   29.199999999999999        29.199999999999999     
         863   29.300000000000001        29.300000000000001     
         864   27.600000000000001        27.600000000000001     
         865   25.699999999999999        25.699999999999999     
         866   23.800000000000001        23.800000000000001     
         867   24.300000000000001        24.300000000000001     
         868   26.600000000000001        26.600000000000001     
         869   26.899999999999999        26.899999999999999     
         870   25.399999999999999        25.399999999999999     
         871   29.899999999999999        29.899999999999999     
         872   29.600000000000001        29.600000000000001     
         873   32.700000000000003        32.700000000000003     
         874   30.600000000000001        30.600000000000001     
         875   27.300000000000001        27.300000000000001     
         876   25.000000000000000        25.000000000000000     
         877   27.100000000000001        27.100000000000001     
         878   27.399999999999999        27.399999999999999     
         879   29.699999999999999        29.699999999999999     
         880   30.000000000000000        30.000000000000000     
         881   31.500000000000000        31.500000000000000     
         882   31.800000000000001        31.800000000000001     
         883   31.100000000000001        31.100000000000001     
         884   34.000000000000000        34.000000000000000     
         885   31.699999999999999        31.699999999999999     
         886   32.399999999999999        32.399999999999999     
         887   31.300000000000001        31.300000000000001     
         888   31.600000000000001        31.600000000000001     
         889   32.700000000000003        32.700000000000003     
         890   31.199999999999999        31.199999999999999     
         891   33.299999999999997        33.299999999999997     
         892   33.799999999999997        33.799999999999997     
         893   34.700000000000003        34.700000000000003     
         894   38.000000000000000        38.000000000000000     
         895   38.700000000000003        38.700000000000003     
         896   40.600000000000001        40.600000000000001     
         897   38.500000000000000        38.500000000000000     
         898   34.399999999999999        34.399999999999999     
         899   36.899999999999999        36.899999999999999     
         900   36.200000000000003        36.200000000000003     
         901   34.299999999999997        34.299999999999997     
         902   31.199999999999999        31.199999999999999     
         903   31.699999999999999        31.699999999999999     
         904   29.600000000000001        29.600000000000001     
         905   29.100000000000001        29.100000000000001     
         906   28.600000000000001        28.600000000000001     
         907   25.699999999999999        25.699999999999999     
         908   23.800000000000001        23.800000000000001     
         909   21.899999999999999        21.899999999999999     
         910   23.199999999999999        23.199999999999999     
         911   19.300000000000001        19.300000000000001     
         912   18.000000000000000        18.000000000000000     
         913   18.699999999999999        18.699999999999999     
         914   21.600000000000001        21.600000000000001     
         915   21.699999999999999        21.699999999999999     
         916   20.000000000000000        20.000000000000000     
         917   22.899999999999999        22.899999999999999     
         918   19.600000000000001        19.600000000000001     
         919   20.699999999999999        20.699999999999999     
         920   23.399999999999999        23.399999999999999     
         921   21.500000000000000        21.500000000000000     
         922   23.199999999999999        23.199999999999999     
         923   23.300000000000001        23.300000000000001     
         924   24.800000000000001        24.800000000000001     
         925   24.100000000000001        24.100000000000001     
         926   25.199999999999999        25.199999999999999     
         927   26.100000000000001        26.100000000000001     
         928   26.199999999999999        26.199999999999999     
         929   27.100000000000001        27.100000000000001     
         930   25.600000000000001        25.600000000000001     
         931   25.100000000000001        25.100000000000001     
         932   25.399999999999999        25.399999999999999     
         933   25.899999999999999        25.899999999999999     
         934   28.000000000000000        28.000000000000000     
         935   28.699999999999999        28.699999999999999     
         936   26.000000000000000        26.000000000000000     
         937   25.500000000000000        25.500000000000000     
         938   24.000000000000000        24.000000000000000     
         939   22.699999999999999        22.699999999999999     
         940   19.600000000000001        19.600000000000001     
         941   21.699999999999999        21.699999999999999     
         942   23.800000000000001        23.800000000000001     
         943   21.500000000000000        21.500000000000000     
         944   20.600000000000001        20.600000000000001     
         945   20.300000000000001        20.300000000000001     
         946   18.600000000000001        18.600000000000001     
         947   16.699999999999999        16.699999999999999     
         948   13.400000000000000        13.400000000000000     
         949   9.9000000000000004        9.9000000000000004     
         950   7.7999999999999998        7.7999999999999998     
         951   3.2999999999999998        3.2999999999999998     
         952   3.2000000000000002        3.2000000000000002     
         953  0.50000000000000000       0.50000000000000000     
         954   1.6000000000000001        1.6000000000000001     
         955   4.2999999999999998        4.2999999999999998     
         956   2.0000000000000000        2.0000000000000000     
         957   1.3000000000000000        1.3000000000000000     
         958   1.0000000000000000        1.0000000000000000     
         959   2.2999999999999998        2.2999999999999998     
         960   0.0000000000000000        0.0000000000000000     
         961  0.29999999999999999       0.29999999999999999     
         962   1.3999999999999999        1.3999999999999999     
         963  0.10000000000000001       0.10000000000000001     
         964  -1.0000000000000000       -1.0000000000000000     
         965 -0.90000000000000002      -0.90000000000000002     
         966  -3.2000000000000002       -3.2000000000000002     
         967  -3.1000000000000001       -3.1000000000000001     
         968  -2.2000000000000002       -2.2000000000000002     
         969  -2.8999999999999999       -2.8999999999999999     
         970  -7.2000000000000002       -7.2000000000000002     
         971  -5.0999999999999996       -5.0999999999999996     
         972  -6.4000000000000004       -6.4000000000000004     
         973  -4.7000000000000002       -4.7000000000000002     
         974  -5.2000000000000002       -5.2000000000000002     
         975  -7.5000000000000000       -7.5000000000000000     
         976  -7.7999999999999998       -7.7999999999999998     
         977  -6.7000000000000002       -6.7000000000000002     
         978  -9.4000000000000004       -9.4000000000000004     
         979  -8.0999999999999996       -8.0999999999999996     
         980  -7.2000000000000002       -7.2000000000000002     
         981  -10.100000000000000       -10.100000000000000     
         982  -10.199999999999999       -10.199999999999999     
         983  -10.300000000000001       -10.300000000000001     
         984  -14.000000000000000       -14.000000000000000     
         985  -15.699999999999999       -15.699999999999999     
         986  -17.600000000000001       -17.600000000000001     
         987  -19.699999999999999       -19.699999999999999     
         988  -20.600000000000001       -20.600000000000001     
         989  -19.300000000000001       -19.300000000000001     
         990  -20.399999999999999       -20.399999999999999     
         991  -19.100000000000001       -19.100000000000001     
         992  -21.600000000000001       -21.600000000000001     
         993  -22.500000000000000       -22.500000000000000     
         994  -20.800000000000001       -20.800000000000001     
         995  -19.699999999999999       -19.699999999999999     
         996  -16.800000000000001       -16.800000000000001     
         997  -14.300000000000001       -14.300000000000001     
         998  -14.400000000000000       -14.400000000000000     
         999  -14.100000000000000       -14.100000000000000     
        1000  -15.000000000000000       -15.000000000000000     
